Time,Date,EMG Value (V),Filtered Value (V),,
10:17:13,30-Sep-21,1.608,1.605,2.585664,2.576025
10:17:13,30-Sep-21,1.647,1.607,2.712609,2.582449
10:17:13,30-Sep-21,1.647,1.609,2.712609,2.588881
10:17:13,30-Sep-21,1.657,1.611,2.745649,2.595321
10:17:13,30-Sep-21,1.662,1.612,2.762244,2.598544
10:17:13,30-Sep-21,1.657,1.614,2.745649,2.604996
10:17:13,30-Sep-21,1.657,1.616,2.745649,2.611456
10:17:13,30-Sep-21,1.652,1.617,2.729104,2.614689
10:17:13,30-Sep-21,1.652,1.619,2.729104,2.621161
10:17:13,30-Sep-21,1.6325,1.62,2.66505625,2.6244
10:17:13,30-Sep-21,1.6325,1.621,2.66505625,2.627641
10:17:13,30-Sep-21,1.6325,1.623,2.66505625,2.634129
10:17:13,30-Sep-21,1.6225,1.624,2.63250625,2.637376
10:17:13,30-Sep-21,1.6225,1.625,2.63250625,2.640625
10:17:13,30-Sep-21,1.6225,1.626,2.63250625,2.643876
10:17:13,30-Sep-21,1.6225,1.627,2.63250625,2.647129
10:17:13,30-Sep-21,1.6225,1.628,2.63250625,2.650384
10:17:13,30-Sep-21,1.603,1.629,2.569609,2.653641
10:17:13,30-Sep-21,1.603,1.63,2.569609,2.6569
10:17:13,30-Sep-21,1.603,1.631,2.569609,2.660161
10:17:13,30-Sep-21,1.603,1.632,2.569609,2.663424
10:17:13,30-Sep-21,1.608,1.633,2.585664,2.666689
10:17:13,30-Sep-21,1.608,1.634,2.585664,2.669956
10:17:13,30-Sep-21,1.608,1.635,2.585664,2.673225
10:17:13,30-Sep-21,1.6275,1.636,2.64875625,2.676496
10:17:13,30-Sep-21,1.6275,1.637,2.64875625,2.679769
10:17:13,30-Sep-21,1.6275,1.638,2.64875625,2.683044
10:17:13,30-Sep-21,1.6275,1.638,2.64875625,2.683044
10:17:13,30-Sep-21,1.642,1.639,2.696164,2.686321
10:17:13,30-Sep-21,1.642,1.64,2.696164,2.6896
10:17:13,30-Sep-21,1.642,1.641,2.696164,2.692881
10:17:13,30-Sep-21,1.642,1.641,2.696164,2.692881
10:17:13,30-Sep-21,1.642,1.642,2.696164,2.696164
10:17:13,30-Sep-21,1.652,1.642,2.729104,2.696164
10:17:13,30-Sep-21,1.652,1.642,2.729104,2.696164
10:17:13,30-Sep-21,1.652,1.642,2.729104,2.696164
10:17:13,30-Sep-21,1.662,1.642,2.762244,2.696164
10:17:13,30-Sep-21,1.662,1.642,2.762244,2.696164
10:17:13,30-Sep-21,1.662,1.642,2.762244,2.696164
10:17:13,30-Sep-21,1.662,1.642,2.762244,2.696164
10:17:13,30-Sep-21,1.662,1.641,2.762244,2.692881
10:17:13,30-Sep-21,1.662,1.64,2.762244,2.6896
10:17:13,30-Sep-21,1.662,1.639,2.762244,2.686321
10:17:13,30-Sep-21,1.662,1.639,2.762244,2.686321
10:17:13,30-Sep-21,1.662,1.638,2.762244,2.683044
10:17:13,30-Sep-21,1.642,1.637,2.696164,2.679769
10:17:13,30-Sep-21,1.642,1.635,2.696164,2.673225
10:17:13,30-Sep-21,1.642,1.634,2.696164,2.669956
10:17:13,30-Sep-21,1.6325,1.633,2.66505625,2.666689
10:17:13,30-Sep-21,1.6325,1.632,2.66505625,2.663424
10:17:13,30-Sep-21,1.6325,1.631,2.66505625,2.660161
10:17:13,30-Sep-21,1.613,1.63,2.601769,2.6569
10:17:13,30-Sep-21,1.613,1.629,2.601769,2.653641
10:17:13,30-Sep-21,1.613,1.629,2.601769,2.653641
10:17:13,30-Sep-21,1.613,1.628,2.601769,2.650384
10:17:13,30-Sep-21,1.608,1.628,2.585664,2.650384
10:17:13,30-Sep-21,1.608,1.627,2.585664,2.647129
10:17:13,30-Sep-21,1.608,1.627,2.585664,2.647129
10:17:13,30-Sep-21,1.608,1.627,2.585664,2.647129
10:17:13,30-Sep-21,1.608,1.628,2.585664,2.650384
10:17:13,30-Sep-21,1.608,1.628,2.585664,2.650384
10:17:13,30-Sep-21,1.603,1.629,2.569609,2.653641
10:17:13,30-Sep-21,1.603,1.63,2.569609,2.6569
10:17:13,30-Sep-21,1.603,1.631,2.569609,2.660161
10:17:13,30-Sep-21,1.618,1.632,2.617924,2.663424
10:17:13,30-Sep-21,1.618,1.633,2.617924,2.666689
10:17:13,30-Sep-21,1.618,1.635,2.617924,2.673225
10:17:13,30-Sep-21,1.6325,1.636,2.66505625,2.676496
10:17:13,30-Sep-21,1.6325,1.638,2.66505625,2.683044
10:17:13,30-Sep-21,1.6325,1.64,2.66505625,2.6896
10:17:13,30-Sep-21,1.6715,1.641,2.79391225,2.692881
10:17:13,30-Sep-21,1.6715,1.643,2.79391225,2.699449
10:17:13,30-Sep-21,1.6815,1.645,2.82744225,2.706025
10:17:13,30-Sep-21,1.6815,1.646,2.82744225,2.709316
10:17:13,30-Sep-21,1.6815,1.648,2.82744225,2.715904
10:17:13,30-Sep-21,1.6815,1.649,2.82744225,2.719201
10:17:13,30-Sep-21,1.6815,1.651,2.82744225,2.725801
10:17:13,30-Sep-21,1.6815,1.652,2.82744225,2.729104
10:17:13,30-Sep-21,1.6815,1.653,2.82744225,2.732409
10:17:13,30-Sep-21,1.6765,1.654,2.81065225,2.735716
10:17:13,30-Sep-21,1.6765,1.655,2.81065225,2.739025
10:17:13,30-Sep-21,1.652,1.656,2.729104,2.742336
10:17:14,30-Sep-21,1.652,1.657,2.729104,2.745649
10:17:14,30-Sep-21,1.642,1.658,2.696164,2.748964
10:17:14,30-Sep-21,1.642,1.658,2.696164,2.748964
10:17:14,30-Sep-21,1.642,1.659,2.696164,2.752281
10:17:14,30-Sep-21,1.642,1.66,2.696164,2.7556
10:17:14,30-Sep-21,1.6275,1.66,2.64875625,2.7556
10:17:14,30-Sep-21,1.6275,1.661,2.64875625,2.758921
10:17:14,30-Sep-21,1.6225,1.661,2.63250625,2.758921
10:17:14,30-Sep-21,1.6275,1.661,2.64875625,2.758921
10:17:14,30-Sep-21,1.6275,1.662,2.64875625,2.762244
10:17:14,30-Sep-21,1.662,1.662,2.762244,2.762244
10:17:14,30-Sep-21,1.662,1.662,2.762244,2.762244
10:17:14,30-Sep-21,1.662,1.662,2.762244,2.762244
10:17:14,30-Sep-21,1.6765,1.662,2.81065225,2.762244
10:17:14,30-Sep-21,1.6765,1.662,2.81065225,2.762244
10:17:14,30-Sep-21,1.6765,1.662,2.81065225,2.762244
10:17:14,30-Sep-21,1.691,1.662,2.859481,2.762244
10:17:14,30-Sep-21,1.691,1.662,2.859481,2.762244
10:17:14,30-Sep-21,1.691,1.662,2.859481,2.762244
10:17:14,30-Sep-21,1.6765,1.662,2.81065225,2.762244
10:17:14,30-Sep-21,1.6765,1.661,2.81065225,2.758921
10:17:14,30-Sep-21,1.6765,1.661,2.81065225,2.758921
10:17:14,30-Sep-21,1.6715,1.661,2.79391225,2.758921
10:17:14,30-Sep-21,1.6715,1.66,2.79391225,2.7556
10:17:14,30-Sep-21,1.647,1.66,2.712609,2.7556
10:17:14,30-Sep-21,1.647,1.659,2.712609,2.752281
10:17:14,30-Sep-21,1.647,1.658,2.712609,2.748964
10:17:14,30-Sep-21,1.642,1.658,2.696164,2.748964
10:17:14,30-Sep-21,1.642,1.657,2.696164,2.745649
10:17:14,30-Sep-21,1.6375,1.657,2.68140625,2.745649
10:17:14,30-Sep-21,1.6375,1.656,2.68140625,2.742336
10:17:14,30-Sep-21,1.6375,1.655,2.68140625,2.739025
10:17:14,30-Sep-21,1.6375,1.655,2.68140625,2.739025
10:17:14,30-Sep-21,1.6375,1.654,2.68140625,2.735716
10:17:14,30-Sep-21,1.6375,1.654,2.68140625,2.735716
10:17:14,30-Sep-21,1.6375,1.653,2.68140625,2.732409
10:17:14,30-Sep-21,1.647,1.652,2.712609,2.729104
10:17:14,30-Sep-21,1.647,1.652,2.712609,2.729104
10:17:14,30-Sep-21,1.6715,1.651,2.79391225,2.725801
10:17:14,30-Sep-21,1.6715,1.651,2.79391225,2.725801
10:17:14,30-Sep-21,1.6765,1.65,2.81065225,2.7225
10:17:14,30-Sep-21,1.6765,1.649,2.81065225,2.719201
10:17:14,30-Sep-21,1.6715,1.649,2.79391225,2.719201
10:17:14,30-Sep-21,1.6715,1.648,2.79391225,2.715904
10:17:14,30-Sep-21,1.6715,1.648,2.79391225,2.715904
10:17:14,30-Sep-21,1.6715,1.647,2.79391225,2.712609
10:17:14,30-Sep-21,1.6715,1.646,2.79391225,2.709316
10:17:14,30-Sep-21,1.662,1.646,2.762244,2.709316
10:17:14,30-Sep-21,1.662,1.645,2.762244,2.706025
10:17:14,30-Sep-21,1.6375,1.645,2.68140625,2.706025
10:17:14,30-Sep-21,1.6375,1.645,2.68140625,2.706025
10:17:14,30-Sep-21,1.6325,1.644,2.66505625,2.702736
10:17:14,30-Sep-21,1.6325,1.644,2.66505625,2.702736
10:17:14,30-Sep-21,1.613,1.644,2.601769,2.702736
10:17:14,30-Sep-21,1.613,1.644,2.601769,2.702736
10:17:14,30-Sep-21,1.613,1.644,2.601769,2.702736
10:17:14,30-Sep-21,1.613,1.644,2.601769,2.702736
10:17:14,30-Sep-21,1.613,1.644,2.601769,2.702736
10:17:14,30-Sep-21,1.613,1.644,2.601769,2.702736
10:17:14,30-Sep-21,1.613,1.645,2.601769,2.706025
10:17:14,30-Sep-21,1.613,1.645,2.601769,2.706025
10:17:14,30-Sep-21,1.647,1.646,2.712609,2.709316
10:17:14,30-Sep-21,1.647,1.646,2.712609,2.709316
10:17:14,30-Sep-21,1.647,1.647,2.712609,2.712609
10:17:14,30-Sep-21,1.657,1.647,2.745649,2.712609
10:17:14,30-Sep-21,1.657,1.648,2.745649,2.715904
10:17:14,30-Sep-21,1.657,1.648,2.745649,2.715904
10:17:14,30-Sep-21,1.6715,1.649,2.79391225,2.719201
10:17:14,30-Sep-21,1.6715,1.649,2.79391225,2.719201
10:17:14,30-Sep-21,1.6665,1.649,2.77722225,2.719201
10:17:14,30-Sep-21,1.6665,1.649,2.77722225,2.719201
10:17:14,30-Sep-21,1.6665,1.649,2.77722225,2.719201
10:17:14,30-Sep-21,1.6665,1.649,2.77722225,2.719201
10:17:14,30-Sep-21,1.6665,1.649,2.77722225,2.719201
10:17:14,30-Sep-21,1.6665,1.648,2.77722225,2.715904
10:17:14,30-Sep-21,1.6665,1.648,2.77722225,2.715904
10:17:14,30-Sep-21,1.6665,1.647,2.77722225,2.712609
10:17:14,30-Sep-21,1.652,1.646,2.729104,2.709316
10:17:14,30-Sep-21,1.652,1.645,2.729104,2.706025
10:17:14,30-Sep-21,1.652,1.644,2.729104,2.702736
10:17:14,30-Sep-21,1.652,1.643,2.729104,2.699449
10:17:14,30-Sep-21,1.652,1.642,2.729104,2.696164
10:17:14,30-Sep-21,1.642,1.641,2.696164,2.692881
10:17:14,30-Sep-21,1.642,1.639,2.696164,2.686321
10:17:14,30-Sep-21,1.642,1.638,2.696164,2.683044
10:17:14,30-Sep-21,1.618,1.636,2.617924,2.676496
10:17:14,30-Sep-21,1.618,1.635,2.617924,2.673225
10:17:14,30-Sep-21,1.618,1.634,2.617924,2.669956
10:17:14,30-Sep-21,1.613,1.632,2.601769,2.663424
10:17:14,30-Sep-21,1.613,1.631,2.601769,2.660161
10:17:14,30-Sep-21,1.613,1.63,2.601769,2.6569
10:17:14,30-Sep-21,1.613,1.629,2.601769,2.653641
10:17:14,30-Sep-21,1.613,1.628,2.601769,2.650384
10:17:14,30-Sep-21,1.613,1.627,2.601769,2.647129
10:17:14,30-Sep-21,1.608,1.626,2.585664,2.643876
10:17:14,30-Sep-21,1.608,1.625,2.585664,2.640625
10:17:14,30-Sep-21,1.608,1.624,2.585664,2.637376
10:17:14,30-Sep-21,1.608,1.623,2.585664,2.634129
10:17:14,30-Sep-21,1.608,1.622,2.585664,2.630884
10:17:14,30-Sep-21,1.608,1.622,2.585664,2.630884
10:17:14,30-Sep-21,1.608,1.621,2.585664,2.627641
10:17:14,30-Sep-21,1.618,1.62,2.617924,2.6244
10:17:14,30-Sep-21,1.618,1.619,2.617924,2.621161
10:17:14,30-Sep-21,1.618,1.618,2.617924,2.617924
10:17:14,30-Sep-21,1.642,1.617,2.696164,2.614689
10:17:14,30-Sep-21,1.642,1.616,2.696164,2.611456
10:17:14,30-Sep-21,1.642,1.615,2.696164,2.608225
10:17:14,30-Sep-21,1.6375,1.614,2.68140625,2.604996
10:17:14,30-Sep-21,1.6375,1.613,2.68140625,2.601769
10:17:14,30-Sep-21,1.6375,1.612,2.68140625,2.598544
10:17:14,30-Sep-21,1.6375,1.61,2.68140625,2.5921
10:17:14,30-Sep-21,1.6375,1.609,2.68140625,2.588881
10:17:14,30-Sep-21,1.6275,1.607,2.64875625,2.582449
10:17:14,30-Sep-21,1.6275,1.606,2.64875625,2.579236
10:17:14,30-Sep-21,1.6275,1.604,2.64875625,2.572816
10:17:14,30-Sep-21,1.613,1.602,2.601769,2.566404
10:17:14,30-Sep-21,1.613,1.601,2.601769,2.563201
10:17:14,30-Sep-21,1.5885,1.599,2.52333225,2.556801
10:17:14,30-Sep-21,1.5885,1.597,2.52333225,2.550409
10:17:14,30-Sep-21,1.574,1.595,2.477476,2.544025
10:17:14,30-Sep-21,1.574,1.593,2.477476,2.537649
10:17:14,30-Sep-21,1.574,1.592,2.477476,2.534464
10:17:14,30-Sep-21,1.574,1.59,2.477476,2.5281
10:17:14,30-Sep-21,1.574,1.589,2.477476,2.524921
10:17:14,30-Sep-21,1.564,1.587,2.446096,2.518569
10:17:14,30-Sep-21,1.564,1.586,2.446096,2.515396
10:17:14,30-Sep-21,1.5545,1.585,2.41647025,2.512225
10:17:14,30-Sep-21,1.5545,1.584,2.41647025,2.509056
10:17:14,30-Sep-21,1.5545,1.583,2.41647025,2.505889
10:17:14,30-Sep-21,1.5545,1.582,2.41647025,2.502724
10:17:14,30-Sep-21,1.5545,1.581,2.41647025,2.499561
10:17:14,30-Sep-21,1.5835,1.58,2.50747225,2.4964
10:17:14,30-Sep-21,1.5835,1.579,2.50747225,2.493241
10:17:14,30-Sep-21,1.5935,1.579,2.53924225,2.493241
10:17:14,30-Sep-21,1.5935,1.578,2.53924225,2.490084
10:17:14,30-Sep-21,1.5935,1.578,2.53924225,2.490084
10:17:14,30-Sep-21,1.5935,1.578,2.53924225,2.490084
10:17:14,30-Sep-21,1.5935,1.577,2.53924225,2.486929
10:17:14,30-Sep-21,1.603,1.577,2.569609,2.486929
10:17:14,30-Sep-21,1.603,1.577,2.569609,2.486929
10:17:14,30-Sep-21,1.603,1.576,2.569609,2.483776
10:17:14,30-Sep-21,1.603,1.576,2.569609,2.483776
10:17:14,30-Sep-21,1.5885,1.576,2.52333225,2.483776
10:17:14,30-Sep-21,1.5885,1.575,2.52333225,2.480625
10:17:14,30-Sep-21,1.5785,1.575,2.49166225,2.480625
10:17:14,30-Sep-21,1.5785,1.575,2.49166225,2.480625
10:17:14,30-Sep-21,1.5785,1.575,2.49166225,2.480625
10:17:14,30-Sep-21,1.569,1.574,2.461761,2.477476
10:17:14,30-Sep-21,1.569,1.574,2.461761,2.477476
10:17:14,30-Sep-21,1.569,1.574,2.461761,2.477476
10:17:14,30-Sep-21,1.569,1.574,2.461761,2.477476
10:17:14,30-Sep-21,1.5495,1.574,2.40095025,2.477476
10:17:14,30-Sep-21,1.5495,1.574,2.40095025,2.477476
10:17:15,30-Sep-21,1.5445,1.573,2.38548025,2.474329
10:17:15,30-Sep-21,1.5445,1.573,2.38548025,2.474329
10:17:15,30-Sep-21,1.5445,1.573,2.38548025,2.474329
10:17:15,30-Sep-21,1.5545,1.573,2.41647025,2.474329
10:17:15,30-Sep-21,1.5545,1.573,2.41647025,2.474329
10:17:15,30-Sep-21,1.564,1.573,2.446096,2.474329
10:17:15,30-Sep-21,1.564,1.573,2.446096,2.474329
10:17:15,30-Sep-21,1.564,1.574,2.446096,2.477476
10:17:15,30-Sep-21,1.5935,1.573,2.53924225,2.474329
10:17:15,30-Sep-21,1.5935,1.573,2.53924225,2.474329
10:17:15,30-Sep-21,1.5935,1.573,2.53924225,2.474329
10:17:15,30-Sep-21,1.5935,1.573,2.53924225,2.474329
10:17:15,30-Sep-21,1.598,1.573,2.553604,2.474329
10:17:15,30-Sep-21,1.598,1.573,2.553604,2.474329
10:17:15,30-Sep-21,1.5935,1.573,2.53924225,2.474329
10:17:15,30-Sep-21,1.5935,1.572,2.53924225,2.471184
10:17:15,30-Sep-21,1.5885,1.572,2.52333225,2.471184
10:17:15,30-Sep-21,1.5885,1.572,2.52333225,2.471184
10:17:15,30-Sep-21,1.5885,1.571,2.52333225,2.468041
10:17:15,30-Sep-21,1.5785,1.571,2.49166225,2.468041
10:17:15,30-Sep-21,1.5785,1.57,2.49166225,2.4649
10:17:15,30-Sep-21,1.5785,1.57,2.49166225,2.4649
10:17:15,30-Sep-21,1.5785,1.57,2.49166225,2.4649
10:17:15,30-Sep-21,1.559,1.569,2.430481,2.461761
10:17:15,30-Sep-21,1.559,1.569,2.430481,2.461761
10:17:15,30-Sep-21,1.559,1.569,2.430481,2.461761
10:17:15,30-Sep-21,1.5545,1.569,2.41647025,2.461761
10:17:15,30-Sep-21,1.5545,1.569,2.41647025,2.461761
10:17:15,30-Sep-21,1.5545,1.569,2.41647025,2.461761
10:17:15,30-Sep-21,1.5445,1.569,2.38548025,2.461761
10:17:15,30-Sep-21,1.5445,1.569,2.38548025,2.461761
10:17:15,30-Sep-21,1.5445,1.57,2.38548025,2.4649
10:17:15,30-Sep-21,1.5445,1.571,2.38548025,2.468041
10:17:15,30-Sep-21,1.5445,1.571,2.38548025,2.468041
10:17:15,30-Sep-21,1.5445,1.572,2.38548025,2.471184
10:17:15,30-Sep-21,1.5785,1.573,2.49166225,2.474329
10:17:15,30-Sep-21,1.5785,1.574,2.49166225,2.477476
10:17:15,30-Sep-21,1.5785,1.575,2.49166225,2.480625
10:17:15,30-Sep-21,1.5785,1.577,2.49166225,2.486929
10:17:15,30-Sep-21,1.5785,1.578,2.49166225,2.490084
10:17:15,30-Sep-21,1.5885,1.58,2.52333225,2.4964
10:17:15,30-Sep-21,1.5885,1.581,2.52333225,2.499561
10:17:15,30-Sep-21,1.5885,1.583,2.52333225,2.505889
10:17:15,30-Sep-21,1.603,1.584,2.569609,2.509056
10:17:15,30-Sep-21,1.603,1.586,2.569609,2.515396
10:17:15,30-Sep-21,1.603,1.588,2.569609,2.521744
10:17:15,30-Sep-21,1.603,1.589,2.569609,2.524921
10:17:15,30-Sep-21,1.603,1.591,2.569609,2.531281
10:17:15,30-Sep-21,1.603,1.592,2.569609,2.534464
10:17:15,30-Sep-21,1.603,1.594,2.569609,2.540836
10:17:15,30-Sep-21,1.603,1.595,2.569609,2.544025
10:17:15,30-Sep-21,1.603,1.597,2.569609,2.550409
10:17:15,30-Sep-21,1.603,1.598,2.569609,2.553604
10:17:15,30-Sep-21,1.603,1.6,2.569609,2.56
10:17:15,30-Sep-21,1.603,1.601,2.569609,2.563201
10:17:15,30-Sep-21,1.603,1.603,2.569609,2.569609
10:17:15,30-Sep-21,1.603,1.604,2.569609,2.572816
10:17:15,30-Sep-21,1.603,1.605,2.569609,2.576025
10:17:15,30-Sep-21,1.613,1.607,2.601769,2.582449
10:17:15,30-Sep-21,1.613,1.608,2.601769,2.585664
10:17:15,30-Sep-21,1.613,1.609,2.601769,2.588881
10:17:15,30-Sep-21,1.598,1.611,2.553604,2.595321
10:17:15,30-Sep-21,1.598,1.612,2.553604,2.598544
10:17:15,30-Sep-21,1.598,1.613,2.553604,2.601769
10:17:15,30-Sep-21,1.598,1.615,2.553604,2.608225
10:17:15,30-Sep-21,1.603,1.616,2.569609,2.611456
10:17:15,30-Sep-21,1.603,1.617,2.569609,2.614689
10:17:15,30-Sep-21,1.603,1.618,2.569609,2.617924
10:17:15,30-Sep-21,1.603,1.62,2.569609,2.6244
10:17:15,30-Sep-21,1.613,1.621,2.601769,2.627641
10:17:15,30-Sep-21,1.613,1.622,2.601769,2.630884
10:17:15,30-Sep-21,1.618,1.623,2.617924,2.634129
10:17:15,30-Sep-21,1.618,1.624,2.617924,2.637376
10:17:15,30-Sep-21,1.618,1.625,2.617924,2.640625
10:17:15,30-Sep-21,1.642,1.625,2.696164,2.640625
10:17:15,30-Sep-21,1.642,1.626,2.696164,2.643876
10:17:15,30-Sep-21,1.647,1.627,2.712609,2.647129
10:17:15,30-Sep-21,1.647,1.627,2.712609,2.647129
10:17:15,30-Sep-21,1.647,1.627,2.712609,2.647129
10:17:15,30-Sep-21,1.647,1.627,2.712609,2.647129
10:17:15,30-Sep-21,1.647,1.627,2.712609,2.647129
10:17:15,30-Sep-21,1.642,1.627,2.696164,2.647129
10:17:15,30-Sep-21,1.642,1.627,2.696164,2.647129
10:17:15,30-Sep-21,1.642,1.626,2.696164,2.643876
10:17:15,30-Sep-21,1.6275,1.625,2.64875625,2.640625
10:17:15,30-Sep-21,1.6275,1.624,2.64875625,2.637376
10:17:15,30-Sep-21,1.618,1.623,2.617924,2.634129
10:17:15,30-Sep-21,1.618,1.622,2.617924,2.630884
10:17:15,30-Sep-21,1.618,1.62,2.617924,2.6244
10:17:15,30-Sep-21,1.5935,1.619,2.53924225,2.621161
10:17:15,30-Sep-21,1.5935,1.617,2.53924225,2.614689
10:17:15,30-Sep-21,1.5935,1.614,2.53924225,2.604996
10:17:15,30-Sep-21,1.5835,1.612,2.50747225,2.598544
10:17:15,30-Sep-21,1.5835,1.609,2.50747225,2.588881
10:17:15,30-Sep-21,1.5835,1.606,2.50747225,2.579236
10:17:15,30-Sep-21,1.5835,1.603,2.50747225,2.569609
10:17:15,30-Sep-21,1.5835,1.6,2.50747225,2.56
10:17:15,30-Sep-21,1.5835,1.596,2.50747225,2.547216
10:17:15,30-Sep-21,1.5835,1.591,2.50747225,2.531281
10:17:15,30-Sep-21,1.564,1.587,2.446096,2.518569
10:17:15,30-Sep-21,1.564,1.582,2.446096,2.502724
10:17:15,30-Sep-21,1.564,1.576,2.446096,2.483776
10:17:15,30-Sep-21,1.5545,1.57,2.41647025,2.4649
10:17:15,30-Sep-21,1.5545,1.564,2.41647025,2.446096
10:17:15,30-Sep-21,1.5545,1.557,2.41647025,2.424249
10:17:15,30-Sep-21,1.564,1.55,2.446096,2.4025
10:17:15,30-Sep-21,1.564,1.542,2.446096,2.377764
10:17:15,30-Sep-21,1.564,1.534,2.446096,2.353156
10:17:15,30-Sep-21,1.564,1.525,2.446096,2.325625
10:17:15,30-Sep-21,1.5395,1.515,2.37006025,2.295225
10:17:15,30-Sep-21,1.5395,1.505,2.37006025,2.265025
10:17:15,30-Sep-21,1.5395,1.494,2.37006025,2.232036
10:17:15,30-Sep-21,1.5395,1.483,2.37006025,2.199289
10:17:15,30-Sep-21,1.5395,1.472,2.37006025,2.166784
10:17:15,30-Sep-21,1.481,1.46,2.193361,2.1316
10:17:15,30-Sep-21,1.481,1.447,2.193361,2.093809
10:17:15,30-Sep-21,1.481,1.435,2.193361,2.059225
10:17:15,30-Sep-21,1.427,1.422,2.036329,2.022084
10:17:15,30-Sep-21,1.427,1.408,2.036329,1.982464
10:17:15,30-Sep-21,1.427,1.395,2.036329,1.946025
10:17:15,30-Sep-21,1.3585,1.381,1.84552225,1.907161
10:17:15,30-Sep-21,1.3585,1.368,1.84552225,1.871424
10:17:15,30-Sep-21,1.3585,1.354,1.84552225,1.833316
10:17:15,30-Sep-21,1.3,1.341,1.69,1.798281
10:17:15,30-Sep-21,1.3,1.327,1.69,1.760929
10:17:15,30-Sep-21,1.261,1.314,1.590121,1.726596
10:17:15,30-Sep-21,1.261,1.301,1.590121,1.692601
10:17:15,30-Sep-21,1.261,1.288,1.590121,1.658944
10:17:15,30-Sep-21,1.261,1.276,1.590121,1.628176
10:17:15,30-Sep-21,1.261,1.264,1.590121,1.597696
10:17:15,30-Sep-21,1.217,1.253,1.481089,1.570009
10:17:15,30-Sep-21,1.217,1.242,1.481089,1.542564
10:17:15,30-Sep-21,1.217,1.231,1.481089,1.515361
10:17:15,30-Sep-21,1.1875,1.221,1.41015625,1.490841
10:17:15,30-Sep-21,1.1875,1.212,1.41015625,1.468944
10:17:15,30-Sep-21,1.173,1.203,1.375929,1.447209
10:17:15,30-Sep-21,1.173,1.195,1.375929,1.428025
10:17:15,30-Sep-21,1.173,1.187,1.375929,1.408969
10:17:15,30-Sep-21,1.163,1.18,1.352569,1.3924
10:17:15,30-Sep-21,1.163,1.173,1.352569,1.375929
10:17:15,30-Sep-21,1.163,1.167,1.352569,1.361889
10:17:15,30-Sep-21,1.163,1.161,1.352569,1.347921
10:17:15,30-Sep-21,1.163,1.156,1.352569,1.336336
10:17:15,30-Sep-21,1.163,1.151,1.352569,1.324801
10:17:15,30-Sep-21,1.163,1.147,1.352569,1.315609
10:17:15,30-Sep-21,1.168,1.143,1.364224,1.306449
10:17:15,30-Sep-21,1.168,1.139,1.364224,1.297321
10:17:15,30-Sep-21,1.1585,1.136,1.34212225,1.290496
10:17:15,30-Sep-21,1.1585,1.133,1.34212225,1.283689
10:17:15,30-Sep-21,1.1585,1.13,1.34212225,1.2769
10:17:15,30-Sep-21,1.1435,1.128,1.30759225,1.272384
10:17:15,30-Sep-21,1.1435,1.126,1.30759225,1.267876
10:17:15,30-Sep-21,1.134,1.124,1.285956,1.263376
10:17:15,30-Sep-21,1.134,1.122,1.285956,1.258884
10:17:15,30-Sep-21,1.134,1.12,1.285956,1.2544
10:17:15,30-Sep-21,1.134,1.119,1.285956,1.252161
10:17:15,30-Sep-21,1.134,1.118,1.285956,1.249924
10:17:15,30-Sep-21,1.1145,1.117,1.24211025,1.247689
10:17:15,30-Sep-21,1.1145,1.116,1.24211025,1.245456
10:17:15,30-Sep-21,1.1045,1.115,1.21992025,1.243225
10:17:15,30-Sep-21,1.1045,1.115,1.21992025,1.243225
10:17:15,30-Sep-21,1.095,1.114,1.199025,1.240996
10:17:15,30-Sep-21,1.095,1.114,1.199025,1.240996
10:17:15,30-Sep-21,1.095,1.114,1.199025,1.240996
10:17:15,30-Sep-21,1.095,1.114,1.199025,1.240996
10:17:15,30-Sep-21,1.095,1.114,1.199025,1.240996
10:17:15,30-Sep-21,1.095,1.114,1.199025,1.240996
10:17:15,30-Sep-21,1.095,1.114,1.199025,1.240996
10:17:16,30-Sep-21,1.095,1.115,1.199025,1.243225
10:17:16,30-Sep-21,1.095,1.115,1.199025,1.243225
10:17:16,30-Sep-21,1.1195,1.115,1.25328025,1.243225
10:17:16,30-Sep-21,1.1195,1.116,1.25328025,1.245456
10:17:16,30-Sep-21,1.129,1.116,1.274641,1.245456
10:17:16,30-Sep-21,1.129,1.117,1.274641,1.247689
10:17:16,30-Sep-21,1.129,1.117,1.274641,1.247689
10:17:16,30-Sep-21,1.134,1.117,1.285956,1.247689
10:17:16,30-Sep-21,1.134,1.118,1.285956,1.249924
10:17:16,30-Sep-21,1.134,1.118,1.285956,1.249924
10:17:16,30-Sep-21,1.134,1.118,1.285956,1.249924
10:17:16,30-Sep-21,1.134,1.118,1.285956,1.249924
10:17:16,30-Sep-21,1.134,1.118,1.285956,1.249924
10:17:16,30-Sep-21,1.134,1.119,1.285956,1.252161
10:17:16,30-Sep-21,1.1195,1.118,1.25328025,1.249924
10:17:16,30-Sep-21,1.1195,1.118,1.25328025,1.249924
10:17:16,30-Sep-21,1.1195,1.118,1.25328025,1.249924
10:17:16,30-Sep-21,1.1195,1.118,1.25328025,1.249924
10:17:16,30-Sep-21,1.1195,1.118,1.25328025,1.249924
10:17:16,30-Sep-21,1.1195,1.117,1.25328025,1.247689
10:17:16,30-Sep-21,1.1195,1.117,1.25328025,1.247689
10:17:16,30-Sep-21,1.1195,1.117,1.25328025,1.247689
10:17:16,30-Sep-21,1.1195,1.117,1.25328025,1.247689
10:17:16,30-Sep-21,1.1095,1.116,1.23099025,1.245456
10:17:16,30-Sep-21,1.1095,1.116,1.23099025,1.245456
10:17:16,30-Sep-21,1.1095,1.116,1.23099025,1.245456
10:17:16,30-Sep-21,1.1095,1.116,1.23099025,1.245456
10:17:16,30-Sep-21,1.1095,1.116,1.23099025,1.245456
10:17:16,30-Sep-21,1.1095,1.116,1.23099025,1.245456
10:17:16,30-Sep-21,1.1095,1.116,1.23099025,1.245456
10:17:16,30-Sep-21,1.1095,1.116,1.23099025,1.245456
10:17:16,30-Sep-21,1.1095,1.116,1.23099025,1.245456
10:17:16,30-Sep-21,1.1095,1.116,1.23099025,1.245456
10:17:16,30-Sep-21,1.1095,1.117,1.23099025,1.247689
10:17:16,30-Sep-21,1.1095,1.117,1.23099025,1.247689
10:17:16,30-Sep-21,1.1095,1.118,1.23099025,1.249924
10:17:16,30-Sep-21,1.1095,1.119,1.23099025,1.252161
10:17:16,30-Sep-21,1.1095,1.12,1.23099025,1.2544
10:17:16,30-Sep-21,1.1095,1.12,1.23099025,1.2544
10:17:16,30-Sep-21,1.1095,1.121,1.23099025,1.256641
10:17:16,30-Sep-21,1.124,1.122,1.263376,1.258884
10:17:16,30-Sep-21,1.124,1.123,1.263376,1.261129
10:17:16,30-Sep-21,1.124,1.125,1.263376,1.265625
10:17:16,30-Sep-21,1.124,1.126,1.263376,1.267876
10:17:16,30-Sep-21,1.124,1.127,1.263376,1.270129
10:17:16,30-Sep-21,1.134,1.128,1.285956,1.272384
10:17:16,30-Sep-21,1.134,1.129,1.285956,1.274641
10:17:16,30-Sep-21,1.134,1.13,1.285956,1.2769
10:17:16,30-Sep-21,1.134,1.132,1.285956,1.281424
10:17:16,30-Sep-21,1.134,1.133,1.285956,1.283689
10:17:16,30-Sep-21,1.134,1.134,1.285956,1.285956
10:17:16,30-Sep-21,1.134,1.135,1.285956,1.288225
10:17:16,30-Sep-21,1.134,1.136,1.285956,1.290496
10:17:16,30-Sep-21,1.1535,1.136,1.33056225,1.290496
10:17:16,30-Sep-21,1.1535,1.137,1.33056225,1.292769
10:17:16,30-Sep-21,1.1535,1.138,1.33056225,1.295044
10:17:16,30-Sep-21,1.1535,1.139,1.33056225,1.297321
10:17:16,30-Sep-21,1.1585,1.139,1.34212225,1.297321
10:17:16,30-Sep-21,1.1585,1.14,1.34212225,1.2996
10:17:16,30-Sep-21,1.1585,1.14,1.34212225,1.2996
10:17:16,30-Sep-21,1.1535,1.141,1.33056225,1.301881
10:17:16,30-Sep-21,1.1535,1.141,1.33056225,1.301881
10:17:16,30-Sep-21,1.1535,1.141,1.33056225,1.301881
10:17:16,30-Sep-21,1.1485,1.142,1.31905225,1.304164
10:17:16,30-Sep-21,1.1485,1.142,1.31905225,1.304164
10:17:16,30-Sep-21,1.134,1.143,1.285956,1.306449
10:17:16,30-Sep-21,1.134,1.143,1.285956,1.306449
10:17:16,30-Sep-21,1.134,1.144,1.285956,1.308736
10:17:16,30-Sep-21,1.134,1.144,1.285956,1.308736
10:17:16,30-Sep-21,1.134,1.145,1.285956,1.311025
10:17:16,30-Sep-21,1.129,1.146,1.274641,1.313316
10:17:16,30-Sep-21,1.129,1.147,1.274641,1.315609
10:17:16,30-Sep-21,1.129,1.148,1.274641,1.317904
10:17:16,30-Sep-21,1.129,1.149,1.274641,1.320201
10:17:16,30-Sep-21,1.129,1.151,1.274641,1.324801
10:17:16,30-Sep-21,1.134,1.152,1.285956,1.327104
10:17:16,30-Sep-21,1.134,1.154,1.285956,1.331716
10:17:16,30-Sep-21,1.134,1.155,1.285956,1.334025
10:17:16,30-Sep-21,1.1435,1.157,1.30759225,1.338649
10:17:16,30-Sep-21,1.1435,1.159,1.30759225,1.343281
10:17:16,30-Sep-21,1.1435,1.161,1.30759225,1.347921
10:17:16,30-Sep-21,1.1435,1.163,1.30759225,1.352569
10:17:16,30-Sep-21,1.173,1.165,1.375929,1.357225
10:17:16,30-Sep-21,1.173,1.167,1.375929,1.361889
10:17:16,30-Sep-21,1.1875,1.169,1.41015625,1.366561
10:17:16,30-Sep-21,1.1875,1.171,1.41015625,1.371241
10:17:16,30-Sep-21,1.1875,1.173,1.41015625,1.375929
10:17:16,30-Sep-21,1.2025,1.175,1.44600625,1.380625
10:17:16,30-Sep-21,1.2025,1.177,1.44600625,1.385329
10:17:16,30-Sep-21,1.207,1.178,1.456849,1.387684
10:17:16,30-Sep-21,1.207,1.18,1.456849,1.3924
10:17:16,30-Sep-21,1.207,1.182,1.456849,1.397124
10:17:16,30-Sep-21,1.1925,1.183,1.42205625,1.399489
10:17:16,30-Sep-21,1.1925,1.185,1.42205625,1.404225
10:17:16,30-Sep-21,1.1925,1.186,1.42205625,1.406596
10:17:16,30-Sep-21,1.1925,1.187,1.42205625,1.408969
10:17:16,30-Sep-21,1.1925,1.188,1.42205625,1.411344
10:17:16,30-Sep-21,1.1925,1.189,1.42205625,1.413721
10:17:16,30-Sep-21,1.1925,1.19,1.42205625,1.4161
10:17:16,30-Sep-21,1.1875,1.191,1.41015625,1.418481
10:17:16,30-Sep-21,1.1875,1.191,1.41015625,1.418481
10:17:16,30-Sep-21,1.173,1.192,1.375929,1.420864
10:17:16,30-Sep-21,1.173,1.192,1.375929,1.420864
10:17:16,30-Sep-21,1.173,1.193,1.375929,1.423249
10:17:16,30-Sep-21,1.173,1.193,1.375929,1.423249
10:17:16,30-Sep-21,1.173,1.194,1.375929,1.425636
10:17:16,30-Sep-21,1.173,1.194,1.375929,1.425636
10:17:16,30-Sep-21,1.183,1.194,1.399489,1.425636
10:17:16,30-Sep-21,1.183,1.194,1.399489,1.425636
10:17:16,30-Sep-21,1.183,1.195,1.399489,1.428025
10:17:16,30-Sep-21,1.183,1.195,1.399489,1.428025
10:17:16,30-Sep-21,1.1875,1.195,1.41015625,1.428025
10:17:16,30-Sep-21,1.1875,1.195,1.41015625,1.428025
10:17:16,30-Sep-21,1.212,1.195,1.468944,1.428025
10:17:16,30-Sep-21,1.212,1.195,1.468944,1.428025
10:17:16,30-Sep-21,1.212,1.195,1.468944,1.428025
10:17:16,30-Sep-21,1.212,1.195,1.468944,1.428025
10:17:16,30-Sep-21,1.212,1.194,1.468944,1.425636
10:17:16,30-Sep-21,1.212,1.194,1.468944,1.425636
10:17:16,30-Sep-21,1.212,1.194,1.468944,1.425636
10:17:16,30-Sep-21,1.212,1.193,1.468944,1.423249
10:17:16,30-Sep-21,1.207,1.193,1.456849,1.423249
10:17:16,30-Sep-21,1.207,1.193,1.456849,1.423249
10:17:16,30-Sep-21,1.2025,1.192,1.44600625,1.420864
10:17:16,30-Sep-21,1.2025,1.192,1.44600625,1.420864
10:17:16,30-Sep-21,1.2025,1.191,1.44600625,1.418481
10:17:16,30-Sep-21,1.183,1.191,1.399489,1.418481
10:17:16,30-Sep-21,1.183,1.19,1.399489,1.4161
10:17:16,30-Sep-21,1.178,1.19,1.387684,1.4161
10:17:16,30-Sep-21,1.178,1.19,1.387684,1.4161
10:17:16,30-Sep-21,1.178,1.19,1.387684,1.4161
10:17:16,30-Sep-21,1.178,1.19,1.387684,1.4161
10:17:16,30-Sep-21,1.178,1.19,1.387684,1.4161
10:17:16,30-Sep-21,1.173,1.19,1.375929,1.4161
10:17:16,30-Sep-21,1.173,1.19,1.375929,1.4161
10:17:16,30-Sep-21,1.168,1.191,1.364224,1.418481
10:17:16,30-Sep-21,1.168,1.191,1.364224,1.418481
10:17:16,30-Sep-21,1.168,1.192,1.364224,1.420864
10:17:16,30-Sep-21,1.173,1.192,1.375929,1.420864
10:17:16,30-Sep-21,1.173,1.193,1.375929,1.423249
10:17:16,30-Sep-21,1.2025,1.194,1.44600625,1.425636
10:17:16,30-Sep-21,1.2025,1.195,1.44600625,1.428025
10:17:16,30-Sep-21,1.2025,1.196,1.44600625,1.430416
10:17:16,30-Sep-21,1.212,1.197,1.468944,1.432809
10:17:16,30-Sep-21,1.212,1.199,1.468944,1.437601
10:17:16,30-Sep-21,1.212,1.2,1.468944,1.44
10:17:16,30-Sep-21,1.212,1.201,1.468944,1.442401
10:17:16,30-Sep-21,1.222,1.203,1.493284,1.447209
10:17:16,30-Sep-21,1.222,1.204,1.493284,1.449616
10:17:16,30-Sep-21,1.222,1.205,1.493284,1.452025
10:17:16,30-Sep-21,1.222,1.207,1.493284,1.456849
10:17:16,30-Sep-21,1.222,1.208,1.493284,1.459264
10:17:16,30-Sep-21,1.217,1.21,1.481089,1.4641
10:17:16,30-Sep-21,1.222,1.212,1.493284,1.468944
10:17:16,30-Sep-21,1.222,1.213,1.493284,1.471369
10:17:16,30-Sep-21,1.222,1.215,1.493284,1.476225
10:17:16,30-Sep-21,1.222,1.217,1.493284,1.481089
10:17:16,30-Sep-21,1.222,1.218,1.493284,1.483524
10:17:16,30-Sep-21,1.207,1.22,1.456849,1.4884
10:17:16,30-Sep-21,1.207,1.222,1.456849,1.493284
10:17:16,30-Sep-21,1.207,1.224,1.456849,1.498176
10:17:16,30-Sep-21,1.207,1.226,1.456849,1.503076
10:17:16,30-Sep-21,1.207,1.228,1.456849,1.507984
10:17:16,30-Sep-21,1.217,1.23,1.481089,1.5129
10:17:16,30-Sep-21,1.217,1.232,1.481089,1.517824
10:17:16,30-Sep-21,1.217,1.235,1.481089,1.525225
10:17:16,30-Sep-21,1.2315,1.237,1.51659225,1.530169
10:17:16,30-Sep-21,1.2315,1.239,1.51659225,1.535121
10:17:16,30-Sep-21,1.2315,1.242,1.51659225,1.542564
10:17:16,30-Sep-21,1.261,1.244,1.590121,1.547536
10:17:16,30-Sep-21,1.261,1.247,1.590121,1.555009
10:17:16,30-Sep-21,1.261,1.25,1.590121,1.5625
10:17:17,30-Sep-21,1.261,1.252,1.590121,1.567504
10:17:17,30-Sep-21,1.271,1.255,1.615441,1.575025
10:17:17,30-Sep-21,1.271,1.258,1.615441,1.582564
10:17:17,30-Sep-21,1.271,1.26,1.615441,1.5876
10:17:17,30-Sep-21,1.271,1.263,1.615441,1.595169
10:17:17,30-Sep-21,1.271,1.266,1.615441,1.602756
10:17:17,30-Sep-21,1.271,1.269,1.615441,1.610361
10:17:17,30-Sep-21,1.271,1.271,1.615441,1.615441
10:17:17,30-Sep-21,1.2805,1.274,1.63968025,1.623076
10:17:17,30-Sep-21,1.2805,1.277,1.63968025,1.630729
10:17:17,30-Sep-21,1.2755,1.279,1.62690025,1.635841
10:17:17,30-Sep-21,1.2755,1.282,1.62690025,1.643524
10:17:17,30-Sep-21,1.2755,1.285,1.62690025,1.651225
10:17:17,30-Sep-21,1.2805,1.287,1.63968025,1.656369
10:17:17,30-Sep-21,1.2805,1.29,1.63968025,1.6641
10:17:17,30-Sep-21,1.2805,1.292,1.63968025,1.669264
10:17:17,30-Sep-21,1.2805,1.295,1.63968025,1.677025
10:17:17,30-Sep-21,1.2805,1.297,1.63968025,1.682209
10:17:17,30-Sep-21,1.2805,1.299,1.63968025,1.687401
10:17:17,30-Sep-21,1.2805,1.301,1.63968025,1.692601
10:17:17,30-Sep-21,1.2805,1.303,1.63968025,1.697809
10:17:17,30-Sep-21,1.2905,1.305,1.66539025,1.703025
10:17:17,30-Sep-21,1.2905,1.307,1.66539025,1.708249
10:17:17,30-Sep-21,1.2905,1.308,1.66539025,1.710864
10:17:17,30-Sep-21,1.315,1.309,1.729225,1.713481
10:17:17,30-Sep-21,1.315,1.31,1.729225,1.7161
10:17:17,30-Sep-21,1.315,1.311,1.729225,1.718721
10:17:17,30-Sep-21,1.3295,1.311,1.76757025,1.718721
10:17:17,30-Sep-21,1.3295,1.311,1.76757025,1.718721
10:17:17,30-Sep-21,1.3295,1.311,1.76757025,1.718721
10:17:17,30-Sep-21,1.3295,1.311,1.76757025,1.718721
10:17:17,30-Sep-21,1.339,1.31,1.792921,1.7161
10:17:17,30-Sep-21,1.339,1.309,1.792921,1.713481
10:17:17,30-Sep-21,1.339,1.308,1.792921,1.710864
10:17:17,30-Sep-21,1.3195,1.306,1.74108025,1.705636
10:17:17,30-Sep-21,1.3195,1.304,1.74108025,1.700416
10:17:17,30-Sep-21,1.3195,1.302,1.74108025,1.695204
10:17:17,30-Sep-21,1.3195,1.299,1.74108025,1.687401
10:17:17,30-Sep-21,1.3195,1.296,1.74108025,1.679616
10:17:17,30-Sep-21,1.3195,1.293,1.74108025,1.671849
10:17:17,30-Sep-21,1.3,1.29,1.69,1.6641
10:17:17,30-Sep-21,1.3,1.287,1.69,1.656369
10:17:17,30-Sep-21,1.2755,1.284,1.62690025,1.648656
10:17:17,30-Sep-21,1.2755,1.28,1.62690025,1.6384
10:17:17,30-Sep-21,1.2755,1.277,1.62690025,1.630729
10:17:17,30-Sep-21,1.256,1.273,1.577536,1.620529
10:17:17,30-Sep-21,1.256,1.27,1.577536,1.6129
10:17:17,30-Sep-21,1.256,1.266,1.577536,1.602756
10:17:17,30-Sep-21,1.2315,1.263,1.51659225,1.595169
10:17:17,30-Sep-21,1.2315,1.26,1.51659225,1.5876
10:17:17,30-Sep-21,1.2315,1.257,1.51659225,1.580049
10:17:17,30-Sep-21,1.2315,1.254,1.51659225,1.572516
10:17:17,30-Sep-21,1.2315,1.251,1.51659225,1.565001
10:17:17,30-Sep-21,1.2315,1.249,1.51659225,1.560001
10:17:17,30-Sep-21,1.222,1.246,1.493284,1.552516
10:17:17,30-Sep-21,1.222,1.244,1.493284,1.547536
10:17:17,30-Sep-21,1.222,1.242,1.493284,1.542564
10:17:17,30-Sep-21,1.222,1.24,1.493284,1.5376
10:17:17,30-Sep-21,1.222,1.239,1.493284,1.535121
10:17:17,30-Sep-21,1.222,1.237,1.493284,1.530169
10:17:17,30-Sep-21,1.222,1.236,1.493284,1.527696
10:17:17,30-Sep-21,1.222,1.234,1.493284,1.522756
10:17:17,30-Sep-21,1.2465,1.233,1.55376225,1.520289
10:17:17,30-Sep-21,1.2465,1.232,1.55376225,1.517824
10:17:17,30-Sep-21,1.2465,1.231,1.55376225,1.515361
10:17:17,30-Sep-21,1.2465,1.231,1.55376225,1.515361
10:17:17,30-Sep-21,1.2465,1.23,1.55376225,1.5129
10:17:17,30-Sep-21,1.2465,1.229,1.55376225,1.510441
10:17:17,30-Sep-21,1.2465,1.228,1.55376225,1.507984
10:17:17,30-Sep-21,1.2465,1.227,1.55376225,1.505529
10:17:17,30-Sep-21,1.2465,1.226,1.55376225,1.503076
10:17:17,30-Sep-21,1.2465,1.225,1.55376225,1.500625
10:17:17,30-Sep-21,1.2465,1.224,1.55376225,1.498176
10:17:17,30-Sep-21,1.2465,1.223,1.55376225,1.495729
10:17:17,30-Sep-21,1.2365,1.222,1.52893225,1.493284
10:17:17,30-Sep-21,1.2365,1.221,1.52893225,1.490841
10:17:17,30-Sep-21,1.2365,1.22,1.52893225,1.4884
10:17:17,30-Sep-21,1.227,1.219,1.505529,1.485961
10:17:17,30-Sep-21,1.227,1.218,1.505529,1.483524
10:17:17,30-Sep-21,1.227,1.217,1.505529,1.481089
10:17:17,30-Sep-21,1.207,1.216,1.456849,1.478656
10:17:17,30-Sep-21,1.207,1.215,1.456849,1.476225
10:17:17,30-Sep-21,1.207,1.214,1.456849,1.473796
10:17:17,30-Sep-21,1.1975,1.213,1.43400625,1.471369
10:17:17,30-Sep-21,1.1975,1.212,1.43400625,1.468944
10:17:17,30-Sep-21,1.1975,1.211,1.43400625,1.466521
10:17:17,30-Sep-21,1.1975,1.21,1.43400625,1.4641
10:17:17,30-Sep-21,1.1975,1.209,1.43400625,1.461681
10:17:17,30-Sep-21,1.1975,1.209,1.43400625,1.461681
10:17:17,30-Sep-21,1.1875,1.208,1.41015625,1.459264
10:17:17,30-Sep-21,1.1875,1.208,1.41015625,1.459264
10:17:17,30-Sep-21,1.1875,1.208,1.41015625,1.459264
10:17:17,30-Sep-21,1.1875,1.208,1.41015625,1.459264
10:17:17,30-Sep-21,1.1875,1.208,1.41015625,1.459264
10:17:17,30-Sep-21,1.1875,1.208,1.41015625,1.459264
10:17:17,30-Sep-21,1.212,1.208,1.468944,1.459264
10:17:17,30-Sep-21,1.212,1.208,1.468944,1.459264
10:17:17,30-Sep-21,1.212,1.208,1.468944,1.459264
10:17:17,30-Sep-21,1.217,1.209,1.481089,1.461681
10:17:17,30-Sep-21,1.217,1.209,1.481089,1.461681
10:17:17,30-Sep-21,1.217,1.21,1.481089,1.4641
10:17:17,30-Sep-21,1.217,1.21,1.481089,1.4641
10:17:17,30-Sep-21,1.217,1.21,1.481089,1.4641
10:17:17,30-Sep-21,1.217,1.211,1.481089,1.466521
10:17:17,30-Sep-21,1.222,1.211,1.493284,1.466521
10:17:17,30-Sep-21,1.222,1.212,1.493284,1.468944
10:17:17,30-Sep-21,1.222,1.212,1.493284,1.468944
10:17:17,30-Sep-21,1.227,1.212,1.505529,1.468944
10:17:17,30-Sep-21,1.227,1.213,1.505529,1.471369
10:17:17,30-Sep-21,1.227,1.213,1.505529,1.471369
10:17:17,30-Sep-21,1.222,1.213,1.493284,1.471369
10:17:17,30-Sep-21,1.222,1.213,1.493284,1.471369
10:17:17,30-Sep-21,1.222,1.213,1.493284,1.471369
10:17:17,30-Sep-21,1.217,1.213,1.481089,1.471369
10:17:17,30-Sep-21,1.217,1.213,1.481089,1.471369
10:17:17,30-Sep-21,1.217,1.213,1.481089,1.471369
10:17:17,30-Sep-21,1.217,1.213,1.481089,1.471369
10:17:17,30-Sep-21,1.217,1.214,1.481089,1.473796
10:17:17,30-Sep-21,1.212,1.214,1.468944,1.473796
10:17:17,30-Sep-21,1.212,1.214,1.468944,1.473796
10:17:17,30-Sep-21,1.212,1.214,1.468944,1.473796
10:17:17,30-Sep-21,1.2025,1.214,1.44600625,1.473796
10:17:17,30-Sep-21,1.2025,1.214,1.44600625,1.473796
10:17:17,30-Sep-21,1.2025,1.214,1.44600625,1.473796
10:17:17,30-Sep-21,1.2025,1.214,1.44600625,1.473796
10:17:17,30-Sep-21,1.2025,1.215,1.44600625,1.476225
10:17:17,30-Sep-21,1.2025,1.215,1.44600625,1.476225
10:17:17,30-Sep-21,1.2025,1.215,1.44600625,1.476225
10:17:17,30-Sep-21,1.2025,1.216,1.44600625,1.478656
10:17:17,30-Sep-21,1.2025,1.216,1.44600625,1.478656
10:17:17,30-Sep-21,1.2025,1.217,1.44600625,1.481089
10:17:17,30-Sep-21,1.2025,1.217,1.44600625,1.481089
10:17:17,30-Sep-21,1.2025,1.218,1.44600625,1.483524
10:17:17,30-Sep-21,1.212,1.219,1.468944,1.485961
10:17:17,30-Sep-21,1.222,1.219,1.493284,1.485961
10:17:17,30-Sep-21,1.222,1.22,1.493284,1.4884
10:17:17,30-Sep-21,1.222,1.221,1.493284,1.490841
10:17:17,30-Sep-21,1.222,1.221,1.493284,1.490841
10:17:17,30-Sep-21,1.222,1.222,1.493284,1.493284
10:17:17,30-Sep-21,1.2415,1.222,1.54132225,1.493284
10:17:17,30-Sep-21,1.2415,1.223,1.54132225,1.495729
10:17:17,30-Sep-21,1.2415,1.223,1.54132225,1.495729
10:17:17,30-Sep-21,1.2415,1.223,1.54132225,1.495729
10:17:17,30-Sep-21,1.2415,1.224,1.54132225,1.498176
10:17:17,30-Sep-21,1.2415,1.224,1.54132225,1.498176
10:17:17,30-Sep-21,1.2365,1.224,1.52893225,1.498176
10:17:17,30-Sep-21,1.2365,1.224,1.52893225,1.498176
10:17:17,30-Sep-21,1.2365,1.224,1.52893225,1.498176
10:17:17,30-Sep-21,1.2365,1.224,1.52893225,1.498176
10:17:17,30-Sep-21,1.2365,1.224,1.52893225,1.498176
10:17:17,30-Sep-21,1.2315,1.224,1.51659225,1.498176
10:17:17,30-Sep-21,1.2315,1.224,1.51659225,1.498176
10:17:17,30-Sep-21,1.2315,1.224,1.51659225,1.498176
10:17:17,30-Sep-21,1.2315,1.223,1.51659225,1.495729
10:17:17,30-Sep-21,1.217,1.223,1.481089,1.495729
10:17:17,30-Sep-21,1.217,1.223,1.481089,1.495729
10:17:17,30-Sep-21,1.217,1.223,1.481089,1.495729
10:17:17,30-Sep-21,1.212,1.223,1.468944,1.495729
10:17:17,30-Sep-21,1.212,1.223,1.468944,1.495729
10:17:17,30-Sep-21,1.1975,1.224,1.43400625,1.498176
10:17:17,30-Sep-21,1.1975,1.224,1.43400625,1.498176
10:17:17,30-Sep-21,1.1975,1.224,1.43400625,1.498176
10:17:17,30-Sep-21,1.1975,1.225,1.43400625,1.500625
10:17:17,30-Sep-21,1.1975,1.225,1.43400625,1.500625
10:17:17,30-Sep-21,1.1975,1.226,1.43400625,1.503076
10:17:17,30-Sep-21,1.207,1.226,1.456849,1.503076
10:17:17,30-Sep-21,1.207,1.227,1.456849,1.505529
10:17:17,30-Sep-21,1.207,1.228,1.456849,1.507984
10:17:17,30-Sep-21,1.217,1.228,1.481089,1.507984
10:17:17,30-Sep-21,1.217,1.229,1.481089,1.510441
10:17:17,30-Sep-21,1.2465,1.23,1.55376225,1.5129
10:17:17,30-Sep-21,1.2465,1.231,1.55376225,1.515361
10:17:17,30-Sep-21,1.256,1.231,1.577536,1.515361
10:17:17,30-Sep-21,1.256,1.232,1.577536,1.517824
10:17:17,30-Sep-21,1.256,1.233,1.577536,1.520289
10:17:17,30-Sep-21,1.266,1.233,1.602756,1.520289
10:17:17,30-Sep-21,1.266,1.234,1.602756,1.522756
10:17:17,30-Sep-21,1.266,1.234,1.602756,1.522756
10:17:17,30-Sep-21,1.266,1.234,1.602756,1.522756
10:17:18,30-Sep-21,1.261,1.234,1.590121,1.522756
10:17:18,30-Sep-21,1.261,1.234,1.590121,1.522756
10:17:18,30-Sep-21,1.2415,1.234,1.54132225,1.522756
10:17:18,30-Sep-21,1.2415,1.234,1.54132225,1.522756
10:17:18,30-Sep-21,1.2415,1.234,1.54132225,1.522756
10:17:18,30-Sep-21,1.2315,1.233,1.51659225,1.520289
10:17:18,30-Sep-21,1.2315,1.233,1.51659225,1.520289
10:17:18,30-Sep-21,1.212,1.233,1.468944,1.520289
10:17:18,30-Sep-21,1.212,1.232,1.468944,1.517824
10:17:18,30-Sep-21,1.212,1.232,1.468944,1.517824
10:17:18,30-Sep-21,1.2025,1.231,1.44600625,1.515361
10:17:18,30-Sep-21,1.2025,1.231,1.44600625,1.515361
10:17:18,30-Sep-21,1.2025,1.23,1.44600625,1.5129
10:17:18,30-Sep-21,1.2025,1.23,1.44600625,1.5129
10:17:18,30-Sep-21,1.2025,1.23,1.44600625,1.5129
10:17:18,30-Sep-21,1.2025,1.229,1.44600625,1.510441
10:17:18,30-Sep-21,1.212,1.229,1.468944,1.510441
10:17:18,30-Sep-21,1.212,1.228,1.468944,1.507984
10:17:18,30-Sep-21,1.222,1.228,1.493284,1.507984
10:17:18,30-Sep-21,1.222,1.228,1.493284,1.507984
10:17:18,30-Sep-21,1.222,1.227,1.493284,1.505529
10:17:18,30-Sep-21,1.251,1.227,1.565001,1.505529
10:17:18,30-Sep-21,1.251,1.226,1.565001,1.503076
10:17:18,30-Sep-21,1.256,1.226,1.577536,1.503076
10:17:18,30-Sep-21,1.256,1.225,1.577536,1.500625
10:17:18,30-Sep-21,1.256,1.225,1.577536,1.500625
10:17:18,30-Sep-21,1.256,1.224,1.577536,1.498176
10:17:18,30-Sep-21,1.2415,1.223,1.54132225,1.495729
10:17:18,30-Sep-21,1.2415,1.223,1.54132225,1.495729
10:17:18,30-Sep-21,1.2415,1.222,1.54132225,1.493284
10:17:18,30-Sep-21,1.2315,1.221,1.51659225,1.490841
10:17:18,30-Sep-21,1.2315,1.221,1.51659225,1.490841
10:17:18,30-Sep-21,1.2315,1.22,1.51659225,1.4884
10:17:18,30-Sep-21,1.212,1.219,1.468944,1.485961
10:17:18,30-Sep-21,1.212,1.218,1.468944,1.483524
10:17:18,30-Sep-21,1.212,1.218,1.468944,1.483524
10:17:18,30-Sep-21,1.2025,1.217,1.44600625,1.481089
10:17:18,30-Sep-21,1.2025,1.217,1.44600625,1.481089
10:17:18,30-Sep-21,1.2025,1.216,1.44600625,1.478656
10:17:18,30-Sep-21,1.2025,1.216,1.44600625,1.478656
10:17:18,30-Sep-21,1.2025,1.216,1.44600625,1.478656
10:17:18,30-Sep-21,1.1975,1.216,1.43400625,1.478656
10:17:18,30-Sep-21,1.1975,1.216,1.43400625,1.478656
10:17:18,30-Sep-21,1.1975,1.216,1.43400625,1.478656
